[L1-fine] donor: outputs/cifar_taxonomy/donor_l1_living_vs_nonliving.pt
[L1-fine]   sense=classical  arch=[128, 36, 2]
[L1-fine] L0 activations: (8000, 128)
[L1-fine] per-fine-class μ computed for 16 classes (n=500/class typically)

[L1-fine] === pairwise cos-sim of μ in L0 (16×16) ===
               wolf  dolphin butterfl   spider      man oak_tree     rose mushroom motorcyc pickup_t    chair   bottle   castle    clock mountain      cup
  wolf       +1.00  +0.60  +0.85  +0.85  +0.95  +0.72  +0.82  +0.88  +0.86  +0.92  +0.83  +0.82  +0.70  +0.96  +0.59  +0.83
  dolphin    +0.60  +1.00  +0.52  +0.57  +0.61  +0.65  +0.53  +0.45  +0.64  +0.73  +0.46  +0.52  +0.68  +0.65  +0.90  +0.63
  butterfly  +0.85  +0.52  +1.00  +0.89  +0.80  +0.78  +0.88  +0.95  +0.81  +0.82  +0.62  +0.66  +0.64  +0.83  +0.51  +0.61
  spider     +0.85  +0.57  +0.89  +1.00  +0.80  +0.85  +0.81  +0.89  +0.71  +0.78  +0.76  +0.79  +0.78  +0.87  +0.65  +0.77
  man        +0.95  +0.61  +0.80  +0.80  +1.00  +0.68  +0.84  +0.85  +0.79  +0.91  +0.86  +0.88  +0.73  +0.96  +0.62  +0.88
  oak_tree   +0.72  +0.65  +0.78  +0.85  +0.68  +1.00  +0.70  +0.78  +0.60  +0.73  +0.60  +0.69  +0.88  +0.74  +0.74  +0.68
  rose       +0.82  +0.53  +0.88  +0.81  +0.84  +0.70  +1.00  +0.84  +0.76  +0.83  +0.67  +0.72  +0.66  +0.85  +0.57  +0.70
  mushroom   +0.88  +0.45  +0.95  +0.89  +0.85  +0.78  +0.84  +1.00  +0.72  +0.77  +0.69  +0.73  +0.67  +0.84  +0.46  +0.67
  motorcycl  +0.86  +0.64  +0.81  +0.71  +0.79  +0.60  +0.76  +0.72  +1.00  +0.94  +0.58  +0.54  +0.56  +0.85  +0.57  +0.59
  pickup_tr  +0.92  +0.73  +0.82  +0.78  +0.91  +0.73  +0.83  +0.77  +0.94  +1.00  +0.73  +0.73  +0.73  +0.94  +0.71  +0.77
  chair      +0.83  +0.46  +0.62  +0.76  +0.86  +0.60  +0.67  +0.69  +0.58  +0.73  +1.00  +0.96  +0.69  +0.89  +0.53  +0.94
  bottle     +0.82  +0.52  +0.66  +0.79  +0.88  +0.69  +0.72  +0.73  +0.54  +0.73  +0.96  +1.00  +0.76  +0.88  +0.61  +0.97
  castle     +0.70  +0.68  +0.64  +0.78  +0.73  +0.88  +0.66  +0.67  +0.56  +0.73  +0.69  +0.76  +1.00  +0.76  +0.85  +0.77
  clock      +0.96  +0.65  +0.83  +0.87  +0.96  +0.74  +0.85  +0.84  +0.85  +0.94  +0.89  +0.88  +0.76  +1.00  +0.67  +0.90
  mountain   +0.59  +0.90  +0.51  +0.65  +0.62  +0.74  +0.57  +0.46  +0.57  +0.71  +0.53  +0.61  +0.85  +0.67  +1.00  +0.71
  cup        +0.83  +0.63  +0.61  +0.77  +0.88  +0.68  +0.70  +0.67  +0.59  +0.77  +0.94  +0.97  +0.77  +0.90  +0.71  +1.00

[L1-fine] === binary-group cos-sim distributions ===
  within Living      (n= 28)  mean=+0.763  median=+0.805  min=+0.453  max=+0.955
  within Non-living  (n= 28)  mean=+0.754  median=+0.733  min=+0.526  max=+0.967
  across groups      (n= 64)  mean=+0.733  median=+0.726  min=+0.455  max=+0.961
  contrast spread (within − across, by mean): +0.026
    positive means within-group avg cos-sim is higher than across-group → genuine binary structure in L0
    near-zero means binary boundary doesn't show up in L0

[L1-fine] === per-pair δ statistics (hand-picked pairs) ===
  pair                             cos     ‖δ‖   maxsep  group                   
        wolf ↔ motorcycle      +0.857   3.638    0.511  across (Living vs Non-living)
        wolf ↔ dolphin         +0.603   8.288    1.224  within Living (carnivore vs aquatic mammal)
        rose ↔ oak_tree        +0.696   5.622    0.890  within Living (flower vs tree)
   butterfly ↔ spider          +0.894   3.636    0.410  within Living (insect vs arachnid)
       chair ↔ bottle          +0.960   2.032    0.405  within Non-living (furniture vs container)
  motorcycle ↔ pickup_truck    +0.938   2.672    0.393  within Non-living (both vehicles)
         man ↔ oak_tree        +0.681   5.065    0.960  within Living (human vs plant)
    mushroom ↔ mountain        +0.459   8.248    1.555  across (fungus vs landscape)

[L1-fine] interpretation:
  (compare to previous binary-aggregate probe: cos(μ_l, μ_n)=+0.92, ‖δ‖=2.47, max sep=0.35)
