Saturation curve over donors (in order): ['digits', 'fashion', 'emnist', 'emnist_kt', 'emnist_uz']
  T = 1.0
[datasets] loading mnist (train) ...
[datasets] loading mnist (test)  ...
[datasets] loading fashion_mnist (train) ...
[datasets] loading fashion_mnist (test)  ...
[datasets] loading emnist_letters (train) ...
[datasets] loading emnist_letters (test)  ...
  loaded digits     arch=[128, 52, 10]  classes=[0, 1, 2, 3, 4, 5, 6, 7, 8, 9]  l0_seed=42  arm=grown_uncapped_dream
  loaded fashion    arch=[128, 52, 20]  classes=[10, 11, 12, 13, 14, 15, 16, 17, 18, 19]  l0_seed=42  arm=grown_uncapped_dream
  loaded emnist     arch=[128, 52, 30]  classes=[20, 21, 22, 23, 24, 25, 26, 27, 28, 29]  l0_seed=42  arm=grown_uncapped_dream
  loaded emnist_kt  arch=[128, 52, 40]  classes=[30, 31, 32, 33, 34, 35, 36, 37, 38, 39]  l0_seed=42  arm=grown_uncapped_dream
  loaded emnist_uz  arch=[128, 44, 46]  classes=[40, 41, 42, 43, 44, 45]  l0_seed=42  arm=grown_uncapped_dream

##############################################################################
#   N = 1   donors = ['digits']
##############################################################################

GATES (soft, T=1.0) — mean per-task gate weight per branch:
  task                          digits
  ------------------------------------
  mnist_0_1                     1.0000
  mnist_2_3                     1.0000
  mnist_4_5                     1.0000
  mnist_6_7                     1.0000
  mnist_8_9                     1.0000

  upper        task-aware = 0.9809
  HARD         task-aware = 0.9809  full-union = 0.6910
  SOFT         task-aware = 0.9809  full-union = 0.6910
  UNIFORM      task-aware = 0.9809  full-union = 0.6910
  HARD + norm  task-aware = 0.9809  full-union = 0.6910
  SOFT + norm  task-aware = 0.9809  full-union = 0.6910

##############################################################################
#   N = 2   donors = ['digits', 'fashion']
##############################################################################

GATES (soft, T=1.0) — mean per-task gate weight per branch:
  task                          digits     fashion
  ------------------------------------------------
  mnist_0_1                     0.9893      0.0107
  mnist_2_3                     0.9633      0.0367
  mnist_4_5                     0.9482      0.0518
  mnist_6_7                     0.9709      0.0291
  mnist_8_9                     0.9669      0.0331
  fashion_mnist_0_1             0.0234      0.9766
  fashion_mnist_2_3             0.0262      0.9738
  fashion_mnist_4_5             0.0599      0.9401
  fashion_mnist_6_7             0.0094      0.9906
  fashion_mnist_8_9             0.0128      0.9872

  upper        task-aware = 0.9823
  HARD         task-aware = 0.9692  full-union = 0.2463
  SOFT         task-aware = 0.9821  full-union = 0.2590
  UNIFORM      task-aware = 0.9823  full-union = 0.4527
  HARD + norm  task-aware = 0.9823  full-union = 0.6099
  SOFT + norm  task-aware = 0.9823  full-union = 0.6099

##############################################################################
#   N = 3   donors = ['digits', 'fashion', 'emnist']
##############################################################################

GATES (soft, T=1.0) — mean per-task gate weight per branch:
  task                          digits     fashion      emnist
  ------------------------------------------------------------
  mnist_0_1                     0.9400      0.0072      0.0529
  mnist_2_3                     0.8810      0.0256      0.0934
  mnist_4_5                     0.8484      0.0342      0.1174
  mnist_6_7                     0.9179      0.0198      0.0624
  mnist_8_9                     0.9223      0.0296      0.0480
  fashion_mnist_0_1             0.0113      0.9729      0.0157
  fashion_mnist_2_3             0.0140      0.9677      0.0183
  fashion_mnist_4_5             0.0445      0.9123      0.0432
  fashion_mnist_6_7             0.0027      0.9868      0.0106
  fashion_mnist_8_9             0.0041      0.9676      0.0283
  emnist_letters_0_1            0.1793      0.1337      0.6870
  emnist_letters_2_3            0.2226      0.0429      0.7345
  emnist_letters_4_5            0.1914      0.0515      0.7571
  emnist_letters_6_7            0.2360      0.0971      0.6669
  emnist_letters_8_9            0.4944      0.0234      0.4821

  upper        task-aware = 0.9695
  HARD         task-aware = 0.9066  full-union = 0.1626
  SOFT         task-aware = 0.9692  full-union = 0.1751
  UNIFORM      task-aware = 0.9695  full-union = 0.3077
  HARD + norm  task-aware = 0.9695  full-union = 0.5306
  SOFT + norm  task-aware = 0.9695  full-union = 0.5314

##############################################################################
#   N = 4   donors = ['digits', 'fashion', 'emnist', 'emnist_kt']
##############################################################################

GATES (soft, T=1.0) — mean per-task gate weight per branch:
  task                          digits     fashion      emnist   emnist_kt
  ------------------------------------------------------------------------
  mnist_0_1                     0.8130      0.0054      0.0343      0.1473
  mnist_2_3                     0.8497      0.0246      0.0732      0.0525
  mnist_4_5                     0.7459      0.0289      0.0587      0.1664
  mnist_6_7                     0.8954      0.0172      0.0379      0.0494
  mnist_8_9                     0.9023      0.0275      0.0320      0.0382
  fashion_mnist_0_1             0.0082      0.9718      0.0075      0.0125
  fashion_mnist_2_3             0.0095      0.9665      0.0103      0.0136
  fashion_mnist_4_5             0.0276      0.8667      0.0276      0.0782
  fashion_mnist_6_7             0.0012      0.9778      0.0029      0.0182
  fashion_mnist_8_9             0.0031      0.9606      0.0191      0.0172
  emnist_letters_0_1            0.1285      0.1162      0.4543      0.3010
  emnist_letters_2_3            0.1320      0.0370      0.6074      0.2235
  emnist_letters_4_5            0.1441      0.0444      0.4748      0.3367
  emnist_letters_6_7            0.1871      0.0823      0.4363      0.2943
  emnist_letters_8_9            0.4605      0.0221      0.4218      0.0956
  emnist_letters_10_11          0.3476      0.0243      0.2111      0.4169
  emnist_letters_12_13          0.0186      0.0210      0.0328      0.9277
  emnist_letters_14_15          0.0993      0.0354      0.0644      0.8008
  emnist_letters_16_17          0.1244      0.0526      0.1530      0.6700
  emnist_letters_18_19          0.2194      0.0603      0.1354      0.5848

  upper        task-aware = 0.9624
  HARD         task-aware = 0.8511  full-union = 0.1393
  SOFT         task-aware = 0.9621  full-union = 0.1569
  UNIFORM      task-aware = 0.9624  full-union = 0.2664
  HARD + norm  task-aware = 0.9624  full-union = 0.4705
  SOFT + norm  task-aware = 0.9624  full-union = 0.4716

##############################################################################
#   N = 5   donors = ['digits', 'fashion', 'emnist', 'emnist_kt', 'emnist_uz']
##############################################################################

GATES (soft, T=1.0) — mean per-task gate weight per branch:
  task                          digits     fashion      emnist   emnist_kt   emnist_uz
  ------------------------------------------------------------------------------------
  mnist_0_1                     0.8054      0.0048      0.0298      0.1442      0.0158
  mnist_2_3                     0.7567      0.0216      0.0605      0.0447      0.1166
  mnist_4_5                     0.7357      0.0272      0.0515      0.1593      0.0264
  mnist_6_7                     0.8869      0.0162      0.0343      0.0469      0.0157
  mnist_8_9                     0.8927      0.0271      0.0291      0.0362      0.0149
  fashion_mnist_0_1             0.0081      0.9710      0.0071      0.0111      0.0028
  fashion_mnist_2_3             0.0090      0.9665      0.0096      0.0129      0.0019
  fashion_mnist_4_5             0.0262      0.8616      0.0250      0.0756      0.0116
  fashion_mnist_6_7             0.0012      0.9777      0.0025      0.0182      0.0004
  fashion_mnist_8_9             0.0030      0.9596      0.0165      0.0172      0.0036
  emnist_letters_0_1            0.1139      0.1133      0.4090      0.2850      0.0788
  emnist_letters_2_3            0.1249      0.0366      0.5652      0.2100      0.0632
  emnist_letters_4_5            0.1390      0.0440      0.4624      0.3284      0.0262
  emnist_letters_6_7            0.1642      0.0798      0.3895      0.2757      0.0908
  emnist_letters_8_9            0.4403      0.0205      0.3910      0.0700      0.0782
  emnist_letters_10_11          0.3209      0.0219      0.1783      0.3688      0.1101
  emnist_letters_12_13          0.0164      0.0197      0.0233      0.9076      0.0330
  emnist_letters_14_15          0.0933      0.0349      0.0551      0.7897      0.0270
  emnist_letters_16_17          0.1106      0.0518      0.1369      0.6353      0.0655
  emnist_letters_18_19          0.2088      0.0596      0.1211      0.5487      0.0618
  emnist_letters_20_21          0.0776      0.0578      0.0701      0.1996      0.5950
  emnist_letters_22_23          0.0865      0.0917      0.0326      0.1782      0.6110
  emnist_letters_24_25          0.2157      0.0228      0.0949      0.1315      0.5351

  upper        task-aware = 0.9616
  HARD         task-aware = 0.8380  full-union = 0.1658
  SOFT         task-aware = 0.9615  full-union = 0.1986
  UNIFORM      task-aware = 0.9618  full-union = 0.1113
  HARD + norm  task-aware = 0.9618  full-union = 0.4448
  SOFT + norm  task-aware = 0.9618  full-union = 0.4462

==============================================================================
SATURATION CURVE
==============================================================================
  N     upper    soft+norm TA    soft+norm FU    hard+norm TA     soft TA     hard TA
-------------------------------------------------------------------------------------
  1    0.9809          0.9809          0.6910          0.9809      0.9809      0.9809
  2    0.9823          0.9823          0.6099          0.9823      0.9821      0.9692
  3    0.9695          0.9695          0.5314          0.9695      0.9692      0.9066
  4    0.9624          0.9624          0.4716          0.9624      0.9621      0.8511
  5    0.9616          0.9618          0.4462          0.9618      0.9615      0.8380

CSV: /home/marcrockhat/trioron-project/outputs/bench_saturation_curve.csv
